6 1337672902 9 -0.804348119199 -0.804348119199 -0.804348119199 -0.804348119199 -0.804348119199 -0.804348119199 -0.804348119199 -0.804348119199
6 1337672902 19 -0.80583099844 -0.80583099844 -0.80583099844 -0.80583099844 -0.80583099844 -0.80583099844 -0.80583099844 -0.80583099844
6 1337672902 29 -0.80730884125 -0.80730884125 -0.80730884125 -0.80730884125 -0.80730884125 -0.80730884125 -0.80730884125 -0.80730884125
6 1337672902 39 -0.808781638392 -0.808781638392 -0.808781638392 -0.808781638392 -0.808781638392 -0.808781638392 -0.808781638392 -0.808781638392
6 1337672902 49 -0.810249380662 -0.810249380662 -0.810249380662 -0.810249380662 -0.810249380662 -0.810249380662 -0.810249380662 -0.810249380662
6 1337672902 59 -0.811712058884 -0.811712058884 -0.811712058884 -0.811712058884 -0.811712058884 -0.811712058884 -0.811712058884 -0.811712058884
6 1337672902 69 -0.813169663919 -0.813169663919 -0.813169663919 -0.813169663919 -0.813169663919 -0.813169663919 -0.813169663919 -0.813169663919
6 1337672902 79 -0.814622186656 -0.814622186656 -0.814622186656 -0.814622186656 -0.814622186656 -0.814622186656 -0.814622186656 -0.814622186656
6 1337672902 89 -0.816069618016 -0.816069618016 -0.816069618016 -0.816069618016 -0.816069618016 -0.816069618016 -0.816069618016 -0.816069618016
6 1337672902 99 -0.817511948954 -0.817511948954 -0.817511948954 -0.817511948954 -0.817511948954 -0.817511948954 -0.817511948954 -0.817511948954
6 1337672902 109 -0.818949170454 -0.818949170454 -0.818949170454 -0.818949170454 -0.818949170454 -0.818949170454 -0.818949170454 -0.818949170454
6 1337672902 119 -0.820381273534 -0.820381273534 -0.820381273534 -0.820381273534 -0.820381273534 -0.820381273534 -0.820381273534 -0.820381273534
6 1337672902 129 -0.821808249244 -0.821808249244 -0.821808249244 -0.821808249244 -0.821808249244 -0.821808249244 -0.821808249244 -0.821808249244
6 1337672902 139 -0.823230088665 -0.823230088665 -0.823230088665 -0.823230088665 -0.823230088665 -0.823230088665 -0.823230088665 -0.823230088665
6 1337672902 149 -0.82464678291 -0.82464678291 -0.82464678291 -0.82464678291 -0.82464678291 -0.82464678291 -0.82464678291 -0.82464678291
6 1337672902 159 -0.826058323126 -0.826058323126 -0.826058323126 -0.826058323126 -0.826058323126 -0.826058323126 -0.826058323126 -0.826058323126
6 1337672902 169 -0.827464700489 -0.827464700489 -0.827464700489 -0.827464700489 -0.827464700489 -0.827464700489 -0.827464700489 -0.827464700489
6 1337672902 179 -0.828865906211 -0.828865906211 -0.828865906211 -0.828865906211 -0.828865906211 -0.828865906211 -0.828865906211 -0.828865906211
6 1337672902 189 -0.830261931533 -0.830261931533 -0.830261931533 -0.830261931533 -0.830261931533 -0.830261931533 -0.830261931533 -0.830261931533
6 1337672902 199 -0.831652767731 -0.831652767731 -0.831652767731 -0.831652767731 -0.831652767731 -0.831652767731 -0.831652767731 -0.831652767731
6 1337672902 209 -0.833038406112 -0.833038406112 -0.833038406112 -0.833038406112 -0.833038406112 -0.833038406112 -0.833038406112 -0.833038406112
6 1337672902 219 -0.834418838015 -0.834418838015 -0.834418838015 -0.834418838015 -0.834418838015 -0.834418838015 -0.834418838015 -0.834418838015
6 1337672902 229 -0.835794054813 -0.835794054813 -0.835794054813 -0.835794054813 -0.835794054813 -0.835794054813 -0.835794054813 -0.835794054813
6 1337672902 239 -0.837164047911 -0.837164047911 -0.837164047911 -0.837164047911 -0.837164047911 -0.837164047911 -0.837164047911 -0.837164047911
6 1337672902 249 -0.838528808746 -0.838528808746 -0.838528808746 -0.838528808746 -0.838528808746 -0.838528808746 -0.838528808746 -0.838528808746
6 1337672902 259 -0.83988832879 -0.83988832879 -0.83988832879 -0.83988832879 -0.83988832879 -0.83988832879 -0.83988832879 -0.83988832879
6 1337672902 269 -0.841242599543 -0.841242599543 -0.841242599543 -0.841242599543 -0.841242599543 -0.841242599543 -0.841242599543 -0.841242599543
6 1337672902 279 -0.842591612544 -0.842591612544 -0.842591612544 -0.842591612544 -0.842591612544 -0.842591612544 -0.842591612544 -0.842591612544
6 1337672902 289 -0.843935359359 -0.843935359359 -0.843935359359 -0.843935359359 -0.843935359359 -0.843935359359 -0.843935359359 -0.843935359359
6 1337672902 299 -0.845273831591 -0.845273831591 -0.845273831591 -0.845273831591 -0.845273831591 -0.845273831591 -0.845273831591 -0.845273831591
6 1337672902 309 -0.846607020875 -0.846607020875 -0.846607020875 -0.846607020875 -0.846607020875 -0.846607020875 -0.846607020875 -0.846607020875
6 1337672902 319 -0.847934918878 -0.847934918878 -0.847934918878 -0.847934918878 -0.847934918878 -0.847934918878 -0.847934918878 -0.847934918878
6 1337672902 329 -0.8492575173 -0.8492575173 -0.8492575173 -0.8492575173 -0.8492575173 -0.8492575173 -0.8492575173 -0.8492575173
6 1337672902 339 -0.850574807876 -0.850574807876 -0.850574807876 -0.850574807876 -0.850574807876 -0.850574807876 -0.850574807876 -0.850574807876
6 1337672902 349 -0.851886782372 -0.851886782372 -0.851886782372 -0.851886782372 -0.851886782372 -0.851886782372 -0.851886782372 -0.851886782372
6 1337672902 359 -0.853193432588 -0.853193432588 -0.853193432588 -0.853193432588 -0.853193432588 -0.853193432588 -0.853193432588 -0.853193432588
6 1337672902 369 -0.854494750359 -0.854494750359 -0.854494750359 -0.854494750359 -0.854494750359 -0.854494750359 -0.854494750359 -0.854494750359
6 1337672902 379 -0.85579072755 -0.85579072755 -0.85579072755 -0.85579072755 -0.85579072755 -0.85579072755 -0.85579072755 -0.85579072755
6 1337672902 389 -0.857081356063 -0.857081356063 -0.857081356063 -0.857081356063 -0.857081356063 -0.857081356063 -0.857081356063 -0.857081356063
6 1337672902 399 -0.858366627829 -0.858366627829 -0.858366627829 -0.858366627829 -0.858366627829 -0.858366627829 -0.858366627829 -0.858366627829
6 1337672902 409 -0.859646534818 -0.859646534818 -0.859646534818 -0.859646534818 -0.859646534818 -0.859646534818 -0.859646534818 -0.859646534818
6 1337672902 419 -0.860921069028 -0.860921069028 -0.860921069028 -0.860921069028 -0.860921069028 -0.860921069028 -0.860921069028 -0.860921069028
6 1337672902 429 -0.862190222495 -0.862190222495 -0.862190222495 -0.862190222495 -0.862190222495 -0.862190222495 -0.862190222495 -0.862190222495
6 1337672902 439 -0.863453987287 -0.863453987287 -0.863453987287 -0.863453987287 -0.863453987287 -0.863453987287 -0.863453987287 -0.863453987287
6 1337672902 449 -0.864712355504 -0.864712355504 -0.864712355504 -0.864712355504 -0.864712355504 -0.864712355504 -0.864712355504 -0.864712355504
6 1337672902 459 -0.865965319281 -0.865965319281 -0.865965319281 -0.865965319281 -0.865965319281 -0.865965319281 -0.865965319281 -0.865965319281
6 1337672902 469 -0.867212870789 -0.867212870789 -0.867212870789 -0.867212870789 -0.867212870789 -0.867212870789 -0.867212870789 -0.867212870789
6 1337672902 479 -0.868455002229 -0.868455002229 -0.868455002229 -0.868455002229 -0.868455002229 -0.868455002229 -0.868455002229 -0.868455002229
6 1337672902 489 -0.869691705839 -0.869691705839 -0.869691705839 -0.869691705839 -0.869691705839 -0.869691705839 -0.869691705839 -0.869691705839
6 1337672902 499 -0.870922973889 -0.870922973889 -0.870922973889 -0.870922973889 -0.870922973889 -0.870922973889 -0.870922973889 -0.870922973889
6 1337672902 509 -0.872148798684 -0.872148798684 -0.872148798684 -0.872148798684 -0.872148798684 -0.872148798684 -0.872148798684 -0.872148798684
6 1337672902 519 -0.873369172561 -0.873369172561 -0.873369172561 -0.873369172561 -0.873369172561 -0.873369172561 -0.873369172561 -0.873369172561
6 1337672902 529 -0.874584087895 -0.874584087895 -0.874584087895 -0.874584087895 -0.874584087895 -0.874584087895 -0.874584087895 -0.874584087895
6 1337672902 539 -0.875793537091 -0.875793537091 -0.875793537091 -0.875793537091 -0.875793537091 -0.875793537091 -0.875793537091 -0.875793537091
6 1337672902 549 -0.876997512592 -0.876997512592 -0.876997512592 -0.876997512592 -0.876997512592 -0.876997512592 -0.876997512592 -0.876997512592
6 1337672902 559 -0.87819600687 -0.87819600687 -0.87819600687 -0.87819600687 -0.87819600687 -0.87819600687 -0.87819600687 -0.87819600687
6 1337672902 569 -0.879389012438 -0.879389012438 -0.879389012438 -0.879389012438 -0.879389012438 -0.879389012438 -0.879389012438 -0.879389012438
6 1337672902 579 -0.880576521837 -0.880576521837 -0.880576521837 -0.880576521837 -0.880576521837 -0.880576521837 -0.880576521837 -0.880576521837
6 1337672902 589 -0.881758527646 -0.881758527646 -0.881758527646 -0.881758527646 -0.881758527646 -0.881758527646 -0.881758527646 -0.881758527646
6 1337672902 599 -0.882935022478 -0.882935022478 -0.882935022478 -0.882935022478 -0.882935022478 -0.882935022478 -0.882935022478 -0.882935022478
6 1337672902 609 -0.88410599898 -0.88410599898 -0.88410599898 -0.88410599898 -0.88410599898 -0.88410599898 -0.88410599898 -0.88410599898
6 1337672902 619 -0.885271449832 -0.885271449832 -0.885271449832 -0.885271449832 -0.885271449832 -0.885271449832 -0.885271449832 -0.885271449832
6 1337672902 629 -0.886431367751 -0.886431367751 -0.886431367751 -0.886431367751 -0.886431367751 -0.886431367751 -0.886431367751 -0.886431367751
6 1337672902 639 -0.887585745488 -0.887585745488 -0.887585745488 -0.887585745488 -0.887585745488 -0.887585745488 -0.887585745488 -0.887585745488
6 1337672902 649 -0.888734575827 -0.888734575827 -0.888734575827 -0.888734575827 -0.888734575827 -0.888734575827 -0.888734575827 -0.888734575827
6 1337672902 659 -0.889877851589 -0.889877851589 -0.889877851589 -0.889877851589 -0.889877851589 -0.889877851589 -0.889877851589 -0.889877851589
6 1337672902 669 -0.891015565627 -0.891015565627 -0.891015565627 -0.891015565627 -0.891015565627 -0.891015565627 -0.891015565627 -0.891015565627
6 1337672902 679 -0.892147710832 -0.892147710832 -0.892147710832 -0.892147710832 -0.892147710832 -0.892147710832 -0.892147710832 -0.892147710832
6 1337672902 689 -0.893274280127 -0.893274280127 -0.893274280127 -0.893274280127 -0.893274280127 -0.893274280127 -0.893274280127 -0.893274280127
6 1337672902 699 -0.894395266471 -0.894395266471 -0.894395266471 -0.894395266471 -0.894395266471 -0.894395266471 -0.894395266471 -0.894395266471
6 1337672902 709 -0.895510662859 -0.895510662859 -0.895510662859 -0.895510662859 -0.895510662859 -0.895510662859 -0.895510662859 -0.895510662859
6 1337672902 719 -0.896620462318 -0.896620462318 -0.896620462318 -0.896620462318 -0.896620462318 -0.896620462318 -0.896620462318 -0.896620462318
6 1337672902 729 -0.897724657914 -0.897724657914 -0.897724657914 -0.897724657914 -0.897724657914 -0.897724657914 -0.897724657914 -0.897724657914
6 1337672902 739 -0.898823242743 -0.898823242743 -0.898823242743 -0.898823242743 -0.898823242743 -0.898823242743 -0.898823242743 -0.898823242743
6 1337672902 749 -0.899916209941 -0.899916209941 -0.899916209941 -0.899916209941 -0.899916209941 -0.899916209941 -0.899916209941 -0.899916209941
6 1337672902 759 -0.901003552677 -0.901003552677 -0.901003552677 -0.901003552677 -0.901003552677 -0.901003552677 -0.901003552677 -0.901003552677
6 1337672902 769 -0.902085264154 -0.902085264154 -0.902085264154 -0.902085264154 -0.902085264154 -0.902085264154 -0.902085264154 -0.902085264154
6 1337672902 779 -0.903161337611 -0.903161337611 -0.903161337611 -0.903161337611 -0.903161337611 -0.903161337611 -0.903161337611 -0.903161337611
6 1337672902 789 -0.904231766325 -0.904231766325 -0.904231766325 -0.904231766325 -0.904231766325 -0.904231766325 -0.904231766325 -0.904231766325
6 1337672902 799 -0.905296543603 -0.905296543603 -0.905296543603 -0.905296543603 -0.905296543603 -0.905296543603 -0.905296543603 -0.905296543603
6 1337672902 809 -0.906355662791 -0.906355662791 -0.906355662791 -0.906355662791 -0.906355662791 -0.906355662791 -0.906355662791 -0.906355662791
6 1337672902 819 -0.907409117271 -0.907409117271 -0.907409117271 -0.907409117271 -0.907409117271 -0.907409117271 -0.907409117271 -0.907409117271
6 1337672902 829 -0.908456900457 -0.908456900457 -0.908456900457 -0.908456900457 -0.908456900457 -0.908456900457 -0.908456900457 -0.908456900457
6 1337672902 839 -0.909499005801 -0.909499005801 -0.909499005801 -0.909499005801 -0.909499005801 -0.909499005801 -0.909499005801 -0.909499005801
6 1337672902 849 -0.910535426791 -0.910535426791 -0.910535426791 -0.910535426791 -0.910535426791 -0.910535426791 -0.910535426791 -0.910535426791
6 1337672902 859 -0.911566156948 -0.911566156948 -0.911566156948 -0.911566156948 -0.911566156948 -0.911566156948 -0.911566156948 -0.911566156948
6 1337672902 869 -0.91259118983 -0.91259118983 -0.91259118983 -0.91259118983 -0.91259118983 -0.91259118983 -0.91259118983 -0.91259118983
6 1337672902 879 -0.913610519031 -0.913610519031 -0.913610519031 -0.913610519031 -0.913610519031 -0.913610519031 -0.913610519031 -0.913610519031
6 1337672902 889 -0.91462413818 -0.91462413818 -0.91462413818 -0.91462413818 -0.91462413818 -0.91462413818 -0.91462413818 -0.91462413818
6 1337672902 899 -0.915632040942 -0.915632040942 -0.915632040942 -0.915632040942 -0.915632040942 -0.915632040942 -0.915632040942 -0.915632040942
6 1337672902 909 -0.916634221018 -0.916634221018 -0.916634221018 -0.916634221018 -0.916634221018 -0.916634221018 -0.916634221018 -0.916634221018
6 1337672902 919 -0.917630672144 -0.917630672144 -0.917630672144 -0.917630672144 -0.917630672144 -0.917630672144 -0.917630672144 -0.917630672144
6 1337672902 929 -0.918621388092 -0.918621388092 -0.918621388092 -0.918621388092 -0.918621388092 -0.918621388092 -0.918621388092 -0.918621388092
6 1337672902 939 -0.919606362671 -0.919606362671 -0.919606362671 -0.919606362671 -0.919606362671 -0.919606362671 -0.919606362671 -0.919606362671
6 1337672902 949 -0.920585589723 -0.920585589723 -0.920585589723 -0.920585589723 -0.920585589723 -0.920585589723 -0.920585589723 -0.920585589723
6 1337672902 959 -0.92155906313 -0.92155906313 -0.92155906313 -0.92155906313 -0.92155906313 -0.92155906313 -0.92155906313 -0.92155906313
6 1337672902 969 -0.922526776806 -0.922526776806 -0.922526776806 -0.922526776806 -0.922526776806 -0.922526776806 -0.922526776806 -0.922526776806
6 1337672902 979 -0.923488724704 -0.923488724704 -0.923488724704 -0.923488724704 -0.923488724704 -0.923488724704 -0.923488724704 -0.923488724704
6 1337672902 989 -0.924444900812 -0.924444900812 -0.924444900812 -0.924444900812 -0.924444900812 -0.924444900812 -0.924444900812 -0.924444900812
6 1337672902 999 -0.925395299153 -0.925395299153 -0.925395299153 -0.925395299153 -0.925395299153 -0.925395299153 -0.925395299153 -0.925395299153
6 1337672903 9 -0.926339913787 -0.926339913787 -0.926339913787 -0.926339913787 -0.926339913787 -0.926339913787 -0.926339913787 -0.926339913787
6 1337672903 19 -0.927278738811 -0.927278738811 -0.927278738811 -0.927278738811 -0.927278738811 -0.927278738811 -0.927278738811 -0.927278738811
6 1337672903 29 -0.928211768357 -0.928211768357 -0.928211768357 -0.928211768357 -0.928211768357 -0.928211768357 -0.928211768357 -0.928211768357
6 1337672903 39 -0.929138996594 -0.929138996594 -0.929138996594 -0.929138996594 -0.929138996594 -0.929138996594 -0.929138996594 -0.929138996594
6 1337672903 49 -0.930060417725 -0.930060417725 -0.930060417725 -0.930060417725 -0.930060417725 -0.930060417725 -0.930060417725 -0.930060417725
6 1337672903 59 -0.930976025994 -0.930976025994 -0.930976025994 -0.930976025994 -0.930976025994 -0.930976025994 -0.930976025994 -0.930976025994
6 1337672903 69 -0.931885815676 -0.931885815676 -0.931885815676 -0.931885815676 -0.931885815676 -0.931885815676 -0.931885815676 -0.931885815676
6 1337672903 79 -0.932789781086 -0.932789781086 -0.932789781086 -0.932789781086 -0.932789781086 -0.932789781086 -0.932789781086 -0.932789781086
6 1337672903 89 -0.933687916574 -0.933687916574 -0.933687916574 -0.933687916574 -0.933687916574 -0.933687916574 -0.933687916574 -0.933687916574
6 1337672903 99 -0.934580216527 -0.934580216527 -0.934580216527 -0.934580216527 -0.934580216527 -0.934580216527 -0.934580216527 -0.934580216527
6 1337672903 109 -0.935466675368 -0.935466675368 -0.935466675368 -0.935466675368 -0.935466675368 -0.935466675368 -0.935466675368 -0.935466675368
6 1337672903 119 -0.936347287556 -0.936347287556 -0.936347287556 -0.936347287556 -0.936347287556 -0.936347287556 -0.936347287556 -0.936347287556
6 1337672903 129 -0.937222047588 -0.937222047588 -0.937222047588 -0.937222047588 -0.937222047588 -0.937222047588 -0.937222047588 -0.937222047588
6 1337672903 139 -0.938090949996 -0.938090949996 -0.938090949996 -0.938090949996 -0.938090949996 -0.938090949996 -0.938090949996 -0.938090949996
6 1337672903 149 -0.93895398935 -0.93895398935 -0.93895398935 -0.93895398935 -0.93895398935 -0.93895398935 -0.93895398935 -0.93895398935
6 1337672903 159 -0.939811160256 -0.939811160256 -0.939811160256 -0.939811160256 -0.939811160256 -0.939811160256 -0.939811160256 -0.939811160256
6 1337672903 169 -0.940662457356 -0.940662457356 -0.940662457356 -0.940662457356 -0.940662457356 -0.940662457356 -0.940662457356 -0.940662457356
6 1337672903 179 -0.94150787533 -0.94150787533 -0.94150787533 -0.94150787533 -0.94150787533 -0.94150787533 -0.94150787533 -0.94150787533
6 1337672903 189 -0.942347408895 -0.942347408895 -0.942347408895 -0.942347408895 -0.942347408895 -0.942347408895 -0.942347408895 -0.942347408895
6 1337672903 199 -0.943181052802 -0.943181052802 -0.943181052802 -0.943181052802 -0.943181052802 -0.943181052802 -0.943181052802 -0.943181052802
6 1337672903 209 -0.944008801842 -0.944008801842 -0.944008801842 -0.944008801842 -0.944008801842 -0.944008801842 -0.944008801842 -0.944008801842
6 1337672903 219 -0.944830650842 -0.944830650842 -0.944830650842 -0.944830650842 -0.944830650842 -0.944830650842 -0.944830650842 -0.944830650842
6 1337672903 229 -0.945646594664 -0.945646594664 -0.945646594664 -0.945646594664 -0.945646594664 -0.945646594664 -0.945646594664 -0.945646594664
6 1337672903 239 -0.946456628209 -0.946456628209 -0.946456628209 -0.946456628209 -0.946456628209 -0.946456628209 -0.946456628209 -0.946456628209
6 1337672903 249 -0.947260746415 -0.947260746415 -0.947260746415 -0.947260746415 -0.947260746415 -0.947260746415 -0.947260746415 -0.947260746415
6 1337672903 259 -0.948058944255 -0.948058944255 -0.948058944255 -0.948058944255 -0.948058944255 -0.948058944255 -0.948058944255 -0.948058944255
6 1337672903 269 -0.948851216742 -0.948851216742 -0.948851216742 -0.948851216742 -0.948851216742 -0.948851216742 -0.948851216742 -0.948851216742
6 1337672903 279 -0.949637558922 -0.949637558922 -0.949637558922 -0.949637558922 -0.949637558922 -0.949637558922 -0.949637558922 -0.949637558922
6 1337672903 289 -0.950417965883 -0.950417965883 -0.950417965883 -0.950417965883 -0.950417965883 -0.950417965883 -0.950417965883 -0.950417965883
6 1337672903 299 -0.951192432745 -0.951192432745 -0.951192432745 -0.951192432745 -0.951192432745 -0.951192432745 -0.951192432745 -0.951192432745
6 1337672903 309 -0.95196095467 -0.95196095467 -0.95196095467 -0.95196095467 -0.95196095467 -0.95196095467 -0.95196095467 -0.95196095467
6 1337672903 319 -0.952723526852 -0.952723526852 -0.952723526852 -0.952723526852 -0.952723526852 -0.952723526852 -0.952723526852 -0.952723526852
6 1337672903 329 -0.953480144527 -0.953480144527 -0.953480144527 -0.953480144527 -0.953480144527 -0.953480144527 -0.953480144527 -0.953480144527
6 1337672903 339 -0.954230802966 -0.954230802966 -0.954230802966 -0.954230802966 -0.954230802966 -0.954230802966 -0.954230802966 -0.954230802966
6 1337672903 349 -0.954975497477 -0.954975497477 -0.954975497477 -0.954975497477 -0.954975497477 -0.954975497477 -0.954975497477 -0.954975497477
6 1337672903 359 -0.955714223405 -0.955714223405 -0.955714223405 -0.955714223405 -0.955714223405 -0.955714223405 -0.955714223405 -0.955714223405
6 1337672903 369 -0.956446976134 -0.956446976134 -0.956446976134 -0.956446976134 -0.956446976134 -0.956446976134 -0.956446976134 -0.956446976134
6 1337672903 379 -0.957173751084 -0.957173751084 -0.957173751084 -0.957173751084 -0.957173751084 -0.957173751084 -0.957173751084 -0.957173751084
6 1337672903 389 -0.957894543712 -0.957894543712 -0.957894543712 -0.957894543712 -0.957894543712 -0.957894543712 -0.957894543712 -0.957894543712
6 1337672903 399 -0.958609349514 -0.958609349514 -0.958609349514 -0.958609349514 -0.958609349514 -0.958609349514 -0.958609349514 -0.958609349514
6 1337672903 409 -0.959318164023 -0.959318164023 -0.959318164023 -0.959318164023 -0.959318164023 -0.959318164023 -0.959318164023 -0.959318164023
6 1337672903 419 -0.960020982807 -0.960020982807 -0.960020982807 -0.960020982807 -0.960020982807 -0.960020982807 -0.960020982807 -0.960020982807
6 1337672903 429 -0.960717801474 -0.960717801474 -0.960717801474 -0.960717801474 -0.960717801474 -0.960717801474 -0.960717801474 -0.960717801474
6 1337672903 439 -0.96140861567 -0.96140861567 -0.96140861567 -0.96140861567 -0.96140861567 -0.96140861567 -0.96140861567 -0.96140861567
6 1337672903 449 -0.962093421077 -0.962093421077 -0.962093421077 -0.962093421077 -0.962093421077 -0.962093421077 -0.962093421077 -0.962093421077
6 1337672903 459 -0.962772213414 -0.962772213414 -0.962772213414 -0.962772213414 -0.962772213414 -0.962772213414 -0.962772213414 -0.962772213414
6 1337672903 469 -0.96344498844 -0.96344498844 -0.96344498844 -0.96344498844 -0.96344498844 -0.96344498844 -0.96344498844 -0.96344498844
6 1337672903 479 -0.964111741949 -0.964111741949 -0.964111741949 -0.964111741949 -0.964111741949 -0.964111741949 -0.964111741949 -0.964111741949
6 1337672903 489 -0.964772469775 -0.964772469775 -0.964772469775 -0.964772469775 -0.964772469775 -0.964772469775 -0.964772469775 -0.964772469775
6 1337672903 499 -0.965427167787 -0.965427167787 -0.965427167787 -0.965427167787 -0.965427167787 -0.965427167787 -0.965427167787 -0.965427167787
6 1337672903 509 -0.966075831894 -0.966075831894 -0.966075831894 -0.966075831894 -0.966075831894 -0.966075831894 -0.966075831894 -0.966075831894
6 1337672903 519 -0.966718458041 -0.966718458041 -0.966718458041 -0.966718458041 -0.966718458041 -0.966718458041 -0.966718458041 -0.966718458041
6 1337672903 529 -0.967355042213 -0.967355042213 -0.967355042213 -0.967355042213 -0.967355042213 -0.967355042213 -0.967355042213 -0.967355042213
6 1337672903 539 -0.967985580431 -0.967985580431 -0.967985580431 -0.967985580431 -0.967985580431 -0.967985580431 -0.967985580431 -0.967985580431
6 1337672903 549 -0.968610068753 -0.968610068753 -0.968610068753 -0.968610068753 -0.968610068753 -0.968610068753 -0.968610068753 -0.968610068753
6 1337672903 559 -0.969228503277 -0.969228503277 -0.969228503277 -0.969228503277 -0.969228503277 -0.969228503277 -0.969228503277 -0.969228503277
6 1337672903 569 -0.969840880138 -0.969840880138 -0.969840880138 -0.969840880138 -0.969840880138 -0.969840880138 -0.969840880138 -0.969840880138
6 1337672903 579 -0.970447195508 -0.970447195508 -0.970447195508 -0.970447195508 -0.970447195508 -0.970447195508 -0.970447195508 -0.970447195508
6 1337672903 589 -0.971047445598 -0.971047445598 -0.971047445598 -0.971047445598 -0.971047445598 -0.971047445598 -0.971047445598 -0.971047445598
6 1337672903 599 -0.971641626656 -0.971641626656 -0.971641626656 -0.971641626656 -0.971641626656 -0.971641626656 -0.971641626656 -0.971641626656
6 1337672903 609 -0.972229734968 -0.972229734968 -0.972229734968 -0.972229734968 -0.972229734968 -0.972229734968 -0.972229734968 -0.972229734968
6 1337672903 619 -0.97281176686 -0.97281176686 -0.97281176686 -0.97281176686 -0.97281176686 -0.97281176686 -0.97281176686 -0.97281176686
6 1337672903 629 -0.973387718693 -0.973387718693 -0.973387718693 -0.973387718693 -0.973387718693 -0.973387718693 -0.973387718693 -0.973387718693
6 1337672903 639 -0.973957586867 -0.973957586867 -0.973957586867 -0.973957586867 -0.973957586867 -0.973957586867 -0.973957586867 -0.973957586867
6 1337672903 649 -0.974521367821 -0.974521367821 -0.974521367821 -0.974521367821 -0.974521367821 -0.974521367821 -0.974521367821 -0.974521367821
6 1337672903 659 -0.975079058031 -0.975079058031 -0.975079058031 -0.975079058031 -0.975079058031 -0.975079058031 -0.975079058031 -0.975079058031
6 1337672903 669 -0.975630654012 -0.975630654012 -0.975630654012 -0.975630654012 -0.975630654012 -0.975630654012 -0.975630654012 -0.975630654012
6 1337672903 679 -0.976176152316 -0.976176152316 -0.976176152316 -0.976176152316 -0.976176152316 -0.976176152316 -0.976176152316 -0.976176152316
6 1337672903 689 -0.976715549534 -0.976715549534 -0.976715549534 -0.976715549534 -0.976715549534 -0.976715549534 -0.976715549534 -0.976715549534
6 1337672903 699 -0.977248842295 -0.977248842295 -0.977248842295 -0.977248842295 -0.977248842295 -0.977248842295 -0.977248842295 -0.977248842295
6 1337672903 709 -0.977776027265 -0.977776027265 -0.977776027265 -0.977776027265 -0.977776027265 -0.977776027265 -0.977776027265 -0.977776027265
6 1337672903 719 -0.97829710115 -0.97829710115 -0.97829710115 -0.97829710115 -0.97829710115 -0.97829710115 -0.97829710115 -0.97829710115
6 1337672903 729 -0.978812060693 -0.978812060693 -0.978812060693 -0.978812060693 -0.978812060693 -0.978812060693 -0.978812060693 -0.978812060693
6 1337672903 739 -0.979320902675 -0.979320902675 -0.979320902675 -0.979320902675 -0.979320902675 -0.979320902675 -0.979320902675 -0.979320902675
6 1337672903 749 -0.979823623917 -0.979823623917 -0.979823623917 -0.979823623917 -0.979823623917 -0.979823623917 -0.979823623917 -0.979823623917
6 1337672903 759 -0.980320221276 -0.980320221276 -0.980320221276 -0.980320221276 -0.980320221276 -0.980320221276 -0.980320221276 -0.980320221276
6 1337672903 769 -0.980810691648 -0.980810691648 -0.980810691648 -0.980810691648 -0.980810691648 -0.980810691648 -0.980810691648 -0.980810691648
6 1337672903 779 -0.981295031969 -0.981295031969 -0.981295031969 -0.981295031969 -0.981295031969 -0.981295031969 -0.981295031969 -0.981295031969
6 1337672903 789 -0.98177323921 -0.98177323921 -0.98177323921 -0.98177323921 -0.98177323921 -0.98177323921 -0.98177323921 -0.98177323921
6 1337672903 799 -0.982245310383 -0.982245310383 -0.982245310383 -0.982245310383 -0.982245310383 -0.982245310383 -0.982245310383 -0.982245310383
6 1337672903 809 -0.982711242538 -0.982711242538 -0.982711242538 -0.982711242538 -0.982711242538 -0.982711242538 -0.982711242538 -0.982711242538
6 1337672903 819 -0.983171032763 -0.983171032763 -0.983171032763 -0.983171032763 -0.983171032763 -0.983171032763 -0.983171032763 -0.983171032763
6 1337672903 829 -0.983624678184 -0.983624678184 -0.983624678184 -0.983624678184 -0.983624678184 -0.983624678184 -0.983624678184 -0.983624678184
6 1337672903 839 -0.984072175966 -0.984072175966 -0.984072175966 -0.984072175966 -0.984072175966 -0.984072175966 -0.984072175966 -0.984072175966
6 1337672903 849 -0.984513523311 -0.984513523311 -0.984513523311 -0.984513523311 -0.984513523311 -0.984513523311 -0.984513523311 -0.984513523311
6 1337672903 859 -0.984948717462 -0.984948717462 -0.984948717462 -0.984948717462 -0.984948717462 -0.984948717462 -0.984948717462 -0.984948717462
6 1337672903 869 -0.985377755698 -0.985377755698 -0.985377755698 -0.985377755698 -0.985377755698 -0.985377755698 -0.985377755698 -0.985377755698
6 1337672903 879 -0.985800635338 -0.985800635338 -0.985800635338 -0.985800635338 -0.985800635338 -0.985800635338 -0.985800635338 -0.985800635338
6 1337672903 889 -0.986217353739 -0.986217353739 -0.986217353739 -0.986217353739 -0.986217353739 -0.986217353739 -0.986217353739 -0.986217353739
6 1337672903 899 -0.986627908297 -0.986627908297 -0.986627908297 -0.986627908297 -0.986627908297 -0.986627908297 -0.986627908297 -0.986627908297
6 1337672903 909 -0.987032296445 -0.987032296445 -0.987032296445 -0.987032296445 -0.987032296445 -0.987032296445 -0.987032296445 -0.987032296445
6 1337672903 919 -0.987430515656 -0.987430515656 -0.987430515656 -0.987430515656 -0.987430515656 -0.987430515656 -0.987430515656 -0.987430515656
6 1337672903 929 -0.987822563442 -0.987822563442 -0.987822563442 -0.987822563442 -0.987822563442 -0.987822563442 -0.987822563442 -0.987822563442
6 1337672903 939 -0.988208437352 -0.988208437352 -0.988208437352 -0.988208437352 -0.988208437352 -0.988208437352 -0.988208437352 -0.988208437352
6 1337672903 949 -0.988588134973 -0.988588134973 -0.988588134973 -0.988588134973 -0.988588134973 -0.988588134973 -0.988588134973 -0.988588134973
6 1337672903 959 -0.988961653934 -0.988961653934 -0.988961653934 -0.988961653934 -0.988961653934 -0.988961653934 -0.988961653934 -0.988961653934
6 1337672903 969 -0.9893289919 -0.9893289919 -0.9893289919 -0.9893289919 -0.9893289919 -0.9893289919 -0.9893289919 -0.9893289919
6 1337672903 979 -0.989690146575 -0.989690146575 -0.989690146575 -0.989690146575 -0.989690146575 -0.989690146575 -0.989690146575 -0.989690146575
6 1337672903 989 -0.990045115701 -0.990045115701 -0.990045115701 -0.990045115701 -0.990045115701 -0.990045115701 -0.990045115701 -0.990045115701
6 1337672903 999 -0.99039389706 -0.99039389706 -0.99039389706 -0.99039389706 -0.99039389706 -0.99039389706 -0.99039389706 -0.99039389706
6 1337672904 9 -0.990736488472 -0.990736488472 -0.990736488472 -0.990736488472 -0.990736488472 -0.990736488472 -0.990736488472 -0.990736488472
6 1337672904 19 -0.991072887797 -0.991072887797 -0.991072887797 -0.991072887797 -0.991072887797 -0.991072887797 -0.991072887797 -0.991072887797
6 1337672904 29 -0.99140309293 -0.99140309293 -0.99140309293 -0.99140309293 -0.99140309293 -0.99140309293 -0.99140309293 -0.99140309293
6 1337672904 39 -0.99172710181 -0.99172710181 -0.99172710181 -0.99172710181 -0.99172710181 -0.99172710181 -0.99172710181 -0.99172710181
6 1337672904 49 -0.99204491241 -0.99204491241 -0.99204491241 -0.99204491241 -0.99204491241 -0.99204491241 -0.99204491241 -0.99204491241
6 1337672904 59 -0.992356522745 -0.992356522745 -0.992356522745 -0.992356522745 -0.992356522745 -0.992356522745 -0.992356522745 -0.992356522745
6 1337672904 69 -0.992661930866 -0.992661930866 -0.992661930866 -0.992661930866 -0.992661930866 -0.992661930866 -0.992661930866 -0.992661930866
6 1337672904 79 -0.992961134865 -0.992961134865 -0.992961134865 -0.992961134865 -0.992961134865 -0.992961134865 -0.992961134865 -0.992961134865
6 1337672904 89 -0.993254132872 -0.993254132872 -0.993254132872 -0.993254132872 -0.993254132872 -0.993254132872 -0.993254132872 -0.993254132872
6 1337672904 99 -0.993540923056 -0.993540923056 -0.993540923056 -0.993540923056 -0.993540923056 -0.993540923056 -0.993540923056 -0.993540923056
6 1337672904 109 -0.993821503625 -0.993821503625 -0.993821503625 -0.993821503625 -0.993821503625 -0.993821503625 -0.993821503625 -0.993821503625
6 1337672904 119 -0.994095872824 -0.994095872824 -0.994095872824 -0.994095872824 -0.994095872824 -0.994095872824 -0.994095872824 -0.994095872824
6 1337672904 129 -0.994364028939 -0.994364028939 -0.994364028939 -0.994364028939 -0.994364028939 -0.994364028939 -0.994364028939 -0.994364028939
6 1337672904 139 -0.994625970294 -0.994625970294 -0.994625970294 -0.994625970294 -0.994625970294 -0.994625970294 -0.994625970294 -0.994625970294
6 1337672904 149 -0.994881695251 -0.994881695251 -0.994881695251 -0.994881695251 -0.994881695251 -0.994881695251 -0.994881695251 -0.994881695251
6 1337672904 159 -0.995131202213 -0.995131202213 -0.995131202213 -0.995131202213 -0.995131202213 -0.995131202213 -0.995131202213 -0.995131202213
6 1337672904 169 -0.995374489621 -0.995374489621 -0.995374489621 -0.995374489621 -0.995374489621 -0.995374489621 -0.995374489621 -0.995374489621
6 1337672904 179 -0.995611555952 -0.995611555952 -0.995611555952 -0.995611555952 -0.995611555952 -0.995611555952 -0.995611555952 -0.995611555952
6 1337672904 189 -0.995842399727 -0.995842399727 -0.995842399727 -0.995842399727 -0.995842399727 -0.995842399727 -0.995842399727 -0.995842399727
6 1337672904 199 -0.996067019502 -0.996067019502 -0.996067019502 -0.996067019502 -0.996067019502 -0.996067019502 -0.996067019502 -0.996067019502
6 1337672904 209 -0.996285413873 -0.996285413873 -0.996285413873 -0.996285413873 -0.996285413873 -0.996285413873 -0.996285413873 -0.996285413873
6 1337672904 219 -0.996497581475 -0.996497581475 -0.996497581475 -0.996497581475 -0.996497581475 -0.996497581475 -0.996497581475 -0.996497581475
6 1337672904 229 -0.996703520982 -0.996703520982 -0.996703520982 -0.996703520982 -0.996703520982 -0.996703520982 -0.996703520982 -0.996703520982
6 1337672904 239 -0.996903231108 -0.996903231108 -0.996903231108 -0.996903231108 -0.996903231108 -0.996903231108 -0.996903231108 -0.996903231108
6 1337672904 249 -0.997096710604 -0.997096710604 -0.997096710604 -0.997096710604 -0.997096710604 -0.997096710604 -0.997096710604 -0.997096710604
6 1337672904 259 -0.99728395826 -0.99728395826 -0.99728395826 -0.99728395826 -0.99728395826 -0.99728395826 -0.99728395826 -0.99728395826
6 1337672904 269 -0.997464972906 -0.997464972906 -0.997464972906 -0.997464972906 -0.997464972906 -0.997464972906 -0.997464972906 -0.997464972906
6 1337672904 279 -0.997639753412 -0.997639753412 -0.997639753412 -0.997639753412 -0.997639753412 -0.997639753412 -0.997639753412 -0.997639753412
6 1337672904 289 -0.997808298685 -0.997808298685 -0.997808298685 -0.997808298685 -0.997808298685 -0.997808298685 -0.997808298685 -0.997808298685
6 1337672904 299 -0.99797060767 -0.99797060767 -0.99797060767 -0.99797060767 -0.99797060767 -0.99797060767 -0.99797060767 -0.99797060767
6 1337672904 309 -0.998126679355 -0.998126679355 -0.998126679355 -0.998126679355 -0.998126679355 -0.998126679355 -0.998126679355 -0.998126679355
6 1337672904 319 -0.998276512763 -0.998276512763 -0.998276512763 -0.998276512763 -0.998276512763 -0.998276512763 -0.998276512763 -0.998276512763
6 1337672904 329 -0.998420106957 -0.998420106957 -0.998420106957 -0.998420106957 -0.998420106957 -0.998420106957 -0.998420106957 -0.998420106957
6 1337672904 339 -0.998557461042 -0.998557461042 -0.998557461042 -0.998557461042 -0.998557461042 -0.998557461042 -0.998557461042 -0.998557461042
6 1337672904 349 -0.998688574157 -0.998688574157 -0.998688574157 -0.998688574157 -0.998688574157 -0.998688574157 -0.998688574157 -0.998688574157
6 1337672904 359 -0.998813445484 -0.998813445484 -0.998813445484 -0.998813445484 -0.998813445484 -0.998813445484 -0.998813445484 -0.998813445484
6 1337672904 369 -0.998932074242 -0.998932074242 -0.998932074242 -0.998932074242 -0.998932074242 -0.998932074242 -0.998932074242 -0.998932074242
6 1337672904 379 -0.99904445969 -0.99904445969 -0.99904445969 -0.99904445969 -0.99904445969 -0.99904445969 -0.99904445969 -0.99904445969
6 1337672904 389 -0.999150601125 -0.999150601125 -0.999150601125 -0.999150601125 -0.999150601125 -0.999150601125 -0.999150601125 -0.999150601125
6 1337672904 399 -0.999250497884 -0.999250497884 -0.999250497884 -0.999250497884 -0.999250497884 -0.999250497884 -0.999250497884 -0.999250497884
6 1337672904 409 -0.999344149342 -0.999344149342 -0.999344149342 -0.999344149342 -0.999344149342 -0.999344149342 -0.999344149342 -0.999344149342
6 1337672904 419 -0.999431554915 -0.999431554915 -0.999431554915 -0.999431554915 -0.999431554915 -0.999431554915 -0.999431554915 -0.999431554915
6 1337672904 429 -0.999512714056 -0.999512714056 -0.999512714056 -0.999512714056 -0.999512714056 -0.999512714056 -0.999512714056 -0.999512714056
6 1337672904 439 -0.999587626257 -0.999587626257 -0.999587626257 -0.999587626257 -0.999587626257 -0.999587626257 -0.999587626257 -0.999587626257
6 1337672904 449 -0.999656291051 -0.999656291051 -0.999656291051 -0.999656291051 -0.999656291051 -0.999656291051 -0.999656291051 -0.999656291051
6 1337672904 459 -0.999718708008 -0.999718708008 -0.999718708008 -0.999718708008 -0.999718708008 -0.999718708008 -0.999718708008 -0.999718708008
6 1337672904 469 -0.999774876739 -0.999774876739 -0.999774876739 -0.999774876739 -0.999774876739 -0.999774876739 -0.999774876739 -0.999774876739
6 1337672904 479 -0.999824796891 -0.999824796891 -0.999824796891 -0.999824796891 -0.999824796891 -0.999824796891 -0.999824796891 -0.999824796891
6 1337672904 489 -0.999868468154 -0.999868468154 -0.999868468154 -0.999868468154 -0.999868468154 -0.999868468154 -0.999868468154 -0.999868468154
6 1337672904 499 -0.999905890254 -0.999905890254 -0.999905890254 -0.999905890254 -0.999905890254 -0.999905890254 -0.999905890254 -0.999905890254
6 1337672904 509 -0.999937062958 -0.999937062958 -0.999937062958 -0.999937062958 -0.999937062958 -0.999937062958 -0.999937062958 -0.999937062958
6 1337672904 519 -0.99996198607 -0.99996198607 -0.99996198607 -0.99996198607 -0.99996198607 -0.99996198607 -0.99996198607 -0.99996198607
6 1337672904 529 -0.999980659435 -0.999980659435 -0.999980659435 -0.999980659435 -0.999980659435 -0.999980659435 -0.999980659435 -0.999980659435
6 1337672904 539 -0.999993082936 -0.999993082936 -0.999993082936 -0.999993082936 -0.999993082936 -0.999993082936 -0.999993082936 -0.999993082936
6 1337672904 549 -0.999999256495 -0.999999256495 -0.999999256495 -0.999999256495 -0.999999256495 -0.999999256495 -0.999999256495 -0.999999256495
6 1337672904 559 -0.999999180074 -0.999999180074 -0.999999180074 -0.999999180074 -0.999999180074 -0.999999180074 -0.999999180074 -0.999999180074
6 1337672904 569 -0.999992853673 -0.999992853673 -0.999992853673 -0.999992853673 -0.999992853673 -0.999992853673 -0.999992853673 -0.999992853673
6 1337672904 579 -0.999980277332 -0.999980277332 -0.999980277332 -0.999980277332 -0.999980277332 -0.999980277332 -0.999980277332 -0.999980277332
6 1337672904 589 -0.99996145113 -0.99996145113 -0.99996145113 -0.99996145113 -0.99996145113 -0.99996145113 -0.99996145113 -0.99996145113
6 1337672904 599 -0.999936375184 -0.999936375184 -0.999936375184 -0.999936375184 -0.999936375184 -0.999936375184 -0.999936375184 -0.999936375184
6 1337672904 609 -0.99990504965 -0.99990504965 -0.99990504965 -0.99990504965 -0.99990504965 -0.99990504965 -0.99990504965 -0.99990504965
6 1337672904 619 -0.999867474726 -0.999867474726 -0.999867474726 -0.999867474726 -0.999867474726 -0.999867474726 -0.999867474726 -0.999867474726
6 1337672904 629 -0.999823650644 -0.999823650644 -0.999823650644 -0.999823650644 -0.999823650644 -0.999823650644 -0.999823650644 -0.999823650644
6 1337672904 639 -0.99977357768 -0.99977357768 -0.99977357768 -0.99977357768 -0.99977357768 -0.99977357768 -0.99977357768 -0.99977357768
6 1337672904 649 -0.999717256147 -0.999717256147 -0.999717256147 -0.999717256147 -0.999717256147 -0.999717256147 -0.999717256147 -0.999717256147
6 1337672904 659 -0.999654686395 -0.999654686395 -0.999654686395 -0.999654686395 -0.999654686395 -0.999654686395 -0.999654686395 -0.999654686395
6 1337672904 669 -0.999585868817 -0.999585868817 -0.999585868817 -0.999585868817 -0.999585868817 -0.999585868817 -0.999585868817 -0.999585868817
6 1337672904 679 -0.999510803843 -0.999510803843 -0.999510803843 -0.999510803843 -0.999510803843 -0.999510803843 -0.999510803843 -0.999510803843
6 1337672904 689 -0.999429491941 -0.999429491941 -0.999429491941 -0.999429491941 -0.999429491941 -0.999429491941 -0.999429491941 -0.999429491941
6 1337672904 699 -0.99934193362 -0.99934193362 -0.99934193362 -0.99934193362 -0.99934193362 -0.99934193362 -0.99934193362 -0.99934193362
6 1337672904 709 -0.999248129427 -0.999248129427 -0.999248129427 -0.999248129427 -0.999248129427 -0.999248129427 -0.999248129427 -0.999248129427
6 1337672904 719 -0.999148079949 -0.999148079949 -0.999148079949 -0.999148079949 -0.999148079949 -0.999148079949 -0.999148079949 -0.999148079949
6 1337672904 729 -0.99904178581 -0.99904178581 -0.99904178581 -0.99904178581 -0.99904178581 -0.99904178581 -0.99904178581 -0.99904178581
6 1337672904 739 -0.998929247675 -0.998929247675 -0.998929247675 -0.998929247675 -0.998929247675 -0.998929247675 -0.998929247675 -0.998929247675
6 1337672904 749 -0.998810466247 -0.998810466247 -0.998810466247 -0.998810466247 -0.998810466247 -0.998810466247 -0.998810466247 -0.998810466247
6 1337672904 759 -0.998685442269 -0.998685442269 -0.998685442269 -0.998685442269 -0.998685442269 -0.998685442269 -0.998685442269 -0.998685442269
6 1337672904 769 -0.998554176523 -0.998554176523 -0.998554176523 -0.998554176523 -0.998554176523 -0.998554176523 -0.998554176523 -0.998554176523
6 1337672904 779 -0.998416669828 -0.998416669828 -0.998416669828 -0.998416669828 -0.998416669828 -0.998416669828 -0.998416669828 -0.998416669828
6 1337672904 789 -0.998272923044 -0.998272923044 -0.998272923044 -0.998272923044 -0.998272923044 -0.998272923044 -0.998272923044 -0.998272923044
6 1337672904 799 -0.998122937069 -0.998122937069 -0.998122937069 -0.998122937069 -0.998122937069 -0.998122937069 -0.998122937069 -0.998122937069
6 1337672904 809 -0.997966712841 -0.997966712841 -0.997966712841 -0.997966712841 -0.997966712841 -0.997966712841 -0.997966712841 -0.997966712841
6 1337672904 819 -0.997804251336 -0.997804251336 -0.997804251336 -0.997804251336 -0.997804251336 -0.997804251336 -0.997804251336 -0.997804251336
6 1337672904 829 -0.99763555357 -0.99763555357 -0.99763555357 -0.99763555357 -0.99763555357 -0.99763555357 -0.99763555357 -0.99763555357
6 1337672904 839 -0.997460620597 -0.997460620597 -0.997460620597 -0.997460620597 -0.997460620597 -0.997460620597 -0.997460620597 -0.997460620597
6 1337672904 849 -0.99727945351 -0.99727945351 -0.99727945351 -0.99727945351 -0.99727945351 -0.99727945351 -0.99727945351 -0.99727945351
6 1337672904 859 -0.997092053441 -0.997092053441 -0.997092053441 -0.997092053441 -0.997092053441 -0.997092053441 -0.997092053441 -0.997092053441
6 1337672904 869 -0.996898421562 -0.996898421562 -0.996898421562 -0.996898421562 -0.996898421562 -0.996898421562 -0.996898421562 -0.996898421562
6 1337672904 879 -0.996698559084 -0.996698559084 -0.996698559084 -0.996698559084 -0.996698559084 -0.996698559084 -0.996698559084 -0.996698559084
6 1337672904 889 -0.996492467254 -0.996492467254 -0.996492467254 -0.996492467254 -0.996492467254 -0.996492467254 -0.996492467254 -0.996492467254
6 1337672904 899 -0.996280147362 -0.996280147362 -0.996280147362 -0.996280147362 -0.996280147362 -0.996280147362 -0.996280147362 -0.996280147362
6 1337672904 909 -0.996061600734 -0.996061600734 -0.996061600734 -0.996061600734 -0.996061600734 -0.996061600734 -0.996061600734 -0.996061600734
6 1337672904 919 -0.995836828736 -0.995836828736 -0.995836828736 -0.995836828736 -0.995836828736 -0.995836828736 -0.995836828736 -0.995836828736
6 1337672904 929 -0.995605832773 -0.995605832773 -0.995605832773 -0.995605832773 -0.995605832773 -0.995605832773 -0.995605832773 -0.995605832773
6 1337672904 939 -0.995368614288 -0.995368614288 -0.995368614288 -0.995368614288 -0.995368614288 -0.995368614288 -0.995368614288 -0.995368614288
6 1337672904 949 -0.995125174765 -0.995125174765 -0.995125174765 -0.995125174765 -0.995125174765 -0.995125174765 -0.995125174765 -0.995125174765
6 1337672904 959 -0.994875515725 -0.994875515725 -0.994875515725 -0.994875515725 -0.994875515725 -0.994875515725 -0.994875515725 -0.994875515725
6 1337672904 969 -0.994619638727 -0.994619638727 -0.994619638727 -0.994619638727 -0.994619638727 -0.994619638727 -0.994619638727 -0.994619638727
6 1337672904 979 -0.994357545372 -0.994357545372 -0.994357545372 -0.994357545372 -0.994357545372 -0.994357545372 -0.994357545372 -0.994357545372
6 1337672904 989 -0.994089237298 -0.994089237298 -0.994089237298 -0.994089237298 -0.994089237298 -0.994089237298 -0.994089237298 -0.994089237298
6 1337672904 999 -0.993814716181 -0.993814716181 -0.993814716181 -0.993814716181 -0.993814716181 -0.993814716181 -0.993814716181 -0.993814716181
